NUMBER OF MARPTS:   126

 HEIGHTS  TEMPERATURES  REL. HUMIDITY  U-WIND  V-WIND
     [M]           [C]            [%]   [M/S]   [M/S]

     0.0         23.00       23.00000    0.50    0.50
   400.0         25.36       76.73469    0.50    0.50
   800.0         25.33       58.79008    0.50    0.50
  1200.0         22.39       67.85106    0.50    0.50
  1600.0         19.21       82.07692    0.50    0.50
  2000.0         16.23       91.65363    0.50    0.50
  2400.0         13.53       97.15502    0.50    0.50
  2800.0         11.24       97.92057    0.50    0.50
  3200.0          8.94       98.68612    0.50    0.50
  3600.0          6.67       98.09783    0.50    0.50
  4000.0          4.69       91.54195    0.50    0.50
  4400.0          2.73       85.47305    0.50    0.50
  4800.0          0.65       79.08583    0.50    0.50
  5200.0         -2.10       86.77978    0.50    0.50
  5600.0         -4.20       71.91262    0.50    0.50
  6000.0         -6.20       72.82759    0.50    0.50
  6400.0         -8.81       67.98000    0.50    0.50
  6800.0         -8.70       31.00000    0.50    0.50
  7200.0         -9.41        5.00000    0.50    0.50
  7600.0        -12.73        5.00000    0.50    0.50
  8000.0        -16.05        6.32911    0.50    0.50
  8400.0        -19.40        8.86076    0.50    0.50
  8800.0        -22.97       25.69044    0.50    0.50
  9200.0        -26.73       54.21851    0.50    0.50
  9600.0        -29.13       37.55504    0.50    0.50
 10000.0        -32.08       51.99301    0.50    0.50
 10400.0        -34.61       27.39262    0.50    0.50
 10800.0        -37.93       37.58491    0.50    0.50
 11200.0        -41.18       42.55556    0.50    0.50
 11600.0        -44.40       31.83756    0.50    0.50
 12000.0        -47.68       29.39944    0.50    0.50
 12400.0        -50.94       31.64979    0.50    0.50
 12800.0        -54.28       31.02469    0.50    0.50
 13200.0        -57.82       27.08845    0.50    0.50
 13600.0        -61.62       37.57317    0.50    0.50
 14000.0        -64.53       43.05263    0.50    0.50
 14400.0        -64.75        9.98765    0.50    0.50
 14800.0        -67.89       12.10011    0.50    0.50
 15200.0        -70.99       15.54467    0.50    0.50
 15600.0        -74.07       20.31579    0.50    0.50
 16000.0        -77.13       26.07729    5.00    0.50
 16400.0        -80.02       33.96629    5.00    0.50
 16800.0        -82.53       41.82517    5.00    0.50
 17200.0        -83.32       33.38776    5.00    0.50
 17600.0        -80.98       22.96024    5.00    0.50
 18000.0        -81.08       22.01657    5.00    0.50
 18400.0        -78.63       16.18421    5.00    0.50
 18800.0        -73.51        7.24390    5.00    0.50
 19200.0        -68.07        4.00000    5.00    0.50
 19600.0        -69.84        4.73874    5.00    0.50
 20000.0        -67.29        3.32692    5.00    0.50
 20400.0        -67.35        3.00000    5.00    0.50
 20800.0        -68.83        3.00000    5.00    0.50
 21200.0        -70.13        4.00000    5.00    0.50
 21600.0        -66.84        2.52954    5.00    0.50
 22000.0        -64.26        2.00000    5.00    0.50
 22400.0        -63.45        2.00000    5.00    0.50
 22800.0        -63.88        2.00000    5.00    0.50
 23200.0        -62.69        2.00000    5.00    0.50
 23600.0        -61.49        1.82915    5.00    0.50
 24000.0        -60.27        1.00000    5.00    0.50
 24400.0        -58.99        1.00000    5.00    0.50
 24800.0        -54.57        1.00000    5.00    0.50
 25200.0        -54.70        1.00000    5.00    0.50
 25600.0        -54.70        1.00000    5.00    0.50
 26000.0        -54.70        1.00000    5.00    0.50
 26400.0        -54.70        1.00000    5.00    0.50
 26800.0        -54.70        1.00000    5.00    0.50
 27200.0        -54.70        1.00000    5.00    0.50
 27600.0        -54.70        1.00000    5.00    0.50
 28000.0        -54.70        1.00000    5.00    0.50
 28400.0        -54.70        1.00000    5.00    0.50
 28800.0        -54.70        1.00000    5.00    0.50
 29200.0        -54.70        1.00000    5.00    0.50
 29600.0        -54.70        1.00000    5.00    0.50
 30000.0        -54.70        1.00000    5.00    0.50
 30400.0        -54.70        1.00000    5.00    0.50
 30800.0        -54.70        1.00000    5.00    0.50
 31200.0        -54.70        1.00000    5.00    0.50
 31600.0        -54.70        1.00000    5.00    0.50
 32000.0        -54.70        1.00000    5.00    0.50
 32400.0        -54.70        1.00000    5.00    0.50
 32800.0        -54.70        1.00000    5.00    0.50
 33200.0        -54.70        1.00000    5.00    0.50
 33600.0        -54.70        1.00000    5.00    0.50
 34000.0        -54.70        1.00000    5.00    0.50
 34400.0        -54.70        1.00000    5.00    0.50
 34800.0        -54.70        1.00000    5.00    0.50
 35200.0        -54.70        1.00000    5.00    0.50
 35600.0        -54.70        1.00000    5.00    0.50
 36000.0        -54.70        1.00000    5.00    0.50
 36400.0        -54.70        1.00000    5.00    0.50
 36800.0        -54.70        1.00000    5.00    0.50
 37200.0        -54.70        1.00000    5.00    0.50
 37600.0        -54.70        1.00000    5.00    0.50
 38000.0        -54.70        1.00000    5.00    0.50
 38400.0        -54.70        1.00000    5.00    0.50
 38800.0        -54.70        1.00000    5.00    0.50
 39200.0        -54.70        1.00000    5.00    0.50
 39600.0        -54.70        1.00000    5.00    0.50
 40000.0        -54.70        1.00000    5.00    0.50
 40400.0        -54.70        1.00000    5.00    0.50
 40800.0        -54.70        1.00000    5.00    0.50
 41200.0        -54.70        1.00000    5.00    0.50
 41600.0        -54.70        1.00000    5.00    0.50
 42000.0        -54.70        1.00000    5.00    0.50
 42400.0        -54.70        1.00000    5.00    0.50
 42800.0        -54.70        1.00000    5.00    0.50
 43200.0        -54.70        1.00000    5.00    0.50
 43600.0        -54.70        1.00000    5.00    0.50
 44000.0        -54.70        1.00000    5.00    0.50
 44400.0        -54.70        1.00000    5.00    0.50
 44800.0        -54.70        1.00000    5.00    0.50
 45200.0        -54.70        1.00000    5.00    0.50
 45600.0        -54.70        1.00000    5.00    0.50
 46000.0        -54.70        1.00000    5.00    0.50
 46400.0        -54.70        1.00000    5.00    0.50
 46800.0        -54.70        1.00000    5.00    0.50
 47200.0        -54.70        1.00000    5.00    0.50
 47600.0        -54.70        1.00000    5.00    0.50
 48000.0        -54.70        1.00000    5.00    0.50
 48400.0        -54.70        1.00000    5.00    0.50
 48800.0        -54.70        1.00000    5.00    0.50
 49200.0        -54.70        1.00000    5.00    0.50
 49600.0        -54.70        1.00000    5.00    0.50
 50000.0        -54.70        1.00000    5.00    0.50
