NUMBER OF MARPTS:   126

 HEIGHTS  TEMPERATURES  REL. HUMIDITY  U-WIND  V-WIND
     [M]           [C]            [%]   [M/S]   [M/S]

     0.0          6.20       74.00000    5.68    0.00
   400.0         12.78       33.57471   15.25    0.11
   800.0          9.67       38.05682    4.17    0.07
  1200.0          6.17       43.75082    0.48    0.02
  1600.0          2.66       48.00000    5.38    0.05
  2000.0          1.09       17.06773   11.79    0.03
  2400.0         -1.33       30.94118    0.77    0.19
  2800.0         -2.41        5.53279   20.55    0.04
  3200.0         -3.60        4.88953   21.06    0.07
  3600.0         -5.58       10.62626   20.87    0.14
  4000.0         -8.36       25.77129   23.34    0.13
  4400.0        -11.55       29.30820   25.00    0.08
  4800.0        -14.69       33.24262   24.00    0.04
  5200.0        -17.84       37.51485   21.59    0.14
  5600.0        -20.34       32.00000   24.74    0.04
  6000.0        -23.49       49.25000   22.10    0.10
  6400.0        -26.66       47.17361   22.39    0.11
  6800.0        -30.15       41.78218   22.42    0.11
  7200.0        -32.87       17.00000   23.45    0.12
  7600.0        -36.23       26.45799   24.65    0.16
  8000.0        -39.46       34.62151   24.42    0.17
  8400.0        -42.55       39.80769   24.20    0.18
  8800.0        -45.75       45.30809   23.95    0.18
  9200.0        -48.60       28.96296   23.76    0.19
  9600.0        -50.30       21.99138   24.93    0.20
 10000.0        -50.59       18.36228   21.40    0.22
 10400.0        -52.23       20.66667   16.98    0.21
 10800.0        -52.90       19.96345   18.04    0.16
 11200.0        -52.80       16.11483   16.55    0.12
 11600.0        -50.98        8.78322   14.97    0.08
 12000.0        -51.35        5.72752    8.46    0.16
 12400.0        -51.80        3.51452    8.89    0.15
 12800.0        -49.19        2.00000   12.95    0.06
 13200.0        -47.73        1.00000   11.28    0.10
 13600.0        -47.44        1.00000    8.45    0.13
 14000.0        -50.22        1.00000    8.96    0.10
 14400.0        -49.86        1.00000    9.08    0.06
 14800.0        -47.91        1.00000    7.71    0.03
 15200.0        -48.83        1.00000    6.82    0.00
 15600.0        -48.61        1.00000    4.96    0.07
 16000.0        -49.30        1.00000    0.25    0.10
 16400.0        -49.85        1.00000    4.37    0.08
 16800.0        -49.60        1.00000    3.90    0.11
 17200.0        -49.36        1.00000    2.74    0.14
 17600.0        -49.12        1.00000    0.86    0.17
 18000.0        -48.87        1.00000    1.66    0.19
 18400.0        -48.64        1.00000    3.82    0.20
 18800.0        -48.42        1.00000    3.17    0.20
 19200.0        -48.21        1.00000    1.52    0.19
 19600.0        -48.01        1.00000    0.05    0.18
 20000.0        -47.80        1.00000    1.23    0.16
 20400.0        -47.82        1.00000    2.28    0.15
 20800.0        -48.06        1.00000    3.01    0.12
 21200.0        -48.17        1.00000    3.95    0.13
 21600.0        -48.24        1.00000    3.44    0.13
 22000.0        -48.31        1.00000    2.19    0.12
 22400.0        -48.37        1.00000    1.08    0.11
 22800.0        -48.44        1.00000    0.13    0.10
 23200.0        -48.51        1.00000    1.13    0.11
 23600.0        -48.62        1.00000    5.99    0.18
 24000.0        -48.69        1.00000    2.04    0.19
 24400.0        -48.04        1.00000    0.00    0.22
 24800.0        -46.46        1.00000    2.04    0.22
 25200.0        -46.23        1.00000    6.74    0.22
 25600.0        -46.10        1.00000    7.46    0.07
 26000.0        -46.07        1.00000    7.35    0.22
 26400.0        -45.97        1.00000    4.22    0.23
 26800.0        -45.90        1.00000    2.26    0.21
 27200.0        -46.02        1.00000    6.42    0.28
 27600.0        -45.62        1.00000    8.43    0.31
 28000.0        -44.71        1.00000    4.99    0.35
 28400.0        -41.52        1.00000    0.70    0.40
 28800.0        -41.80        1.00000    1.14    0.39
 29200.0        -42.06        1.00000    9.15    0.32
 29600.0        -41.95        1.00000    2.67    0.41
 30000.0        -40.19        1.00000    3.91    0.44
 30400.0        -39.23        1.00000    5.66    0.48
 30800.0        -39.16        1.00000    1.52    0.43
 31200.0        -39.11        1.00000    2.66    0.35
 31600.0        -37.60        1.00000    2.96    0.29
 32000.0        -36.86        1.00000    3.38    0.27
 32400.0        -36.12        1.00000    2.40    0.24
 32800.0        -35.00        1.00000    4.46    0.16
 33200.0        -33.06        1.00000    7.34    0.32
 33600.0        -33.00        1.00000    6.31    0.50
 34000.0        -33.00        1.00000    6.31    0.50
 34400.0        -33.00        1.00000    6.31    0.50
 34800.0        -33.00        1.00000    6.31    0.50
 35200.0        -33.00        1.00000    6.31    0.50
 35600.0        -33.00        1.00000    6.31    0.50
 36000.0        -33.00        1.00000    6.31    0.50
 36400.0        -33.00        1.00000    6.31    0.50
 36800.0        -33.00        1.00000    6.31    0.50
 37200.0        -33.00        1.00000    6.31    0.50
 37600.0        -33.00        1.00000    6.31    0.50
 38000.0        -33.00        1.00000    6.31    0.50
 38400.0        -33.00        1.00000    6.31    0.50
 38800.0        -33.00        1.00000    6.31    0.50
 39200.0        -33.00        1.00000    6.31    0.50
 39600.0        -33.00        1.00000    6.31    0.50
 40000.0        -33.00        1.00000    6.31    0.50
 40400.0        -33.00        1.00000    6.31    0.50
 40800.0        -33.00        1.00000    6.31    0.50
 41200.0        -33.00        1.00000    6.31    0.50
 41600.0        -33.00        1.00000    6.31    0.50
 42000.0        -33.00        1.00000    6.31    0.50
 42400.0        -33.00        1.00000    6.31    0.50
 42800.0        -33.00        1.00000    6.31    0.50
 43200.0        -33.00        1.00000    6.31    0.50
 43600.0        -33.00        1.00000    6.31    0.50
 44000.0        -33.00        1.00000    6.31    0.50
 44400.0        -33.00        1.00000    6.31    0.50
 44800.0        -33.00        1.00000    6.31    0.50
 45200.0        -33.00        1.00000    6.31    0.50
 45600.0        -33.00        1.00000    6.31    0.50
 46000.0        -33.00        1.00000    6.31    0.50
 46400.0        -33.00        1.00000    6.31    0.50
 46800.0        -33.00        1.00000    6.31    0.50
 47200.0        -33.00        1.00000    6.31    0.50
 47600.0        -33.00        1.00000    6.31    0.50
 48000.0        -33.00        1.00000    6.31    0.50
 48400.0        -33.00        1.00000    6.31    0.50
 48800.0        -33.00        1.00000    6.31    0.50
 49200.0        -33.00        1.00000    6.31    0.50
 49600.0        -33.00        1.00000    6.31    0.50
 50000.0        -33.00        1.00000    6.31    0.50
