NUMBER OF MARPTS:   126

 HEIGHTS  TEMPERATURES  REL. HUMIDITY  U-WIND  V-WIND
     [M]           [C]            [%]   [M/S]   [M/S]

     0.0         23.00       23.00000    1.09    0.02
   400.0         25.36       76.73469    0.14    0.03
   800.0         25.33       58.79008    1.36    0.01
  1200.0         22.39       67.85106    1.18    0.07
  1600.0         19.21       82.07692    6.24    0.14
  2000.0         16.23       91.65363    9.62    0.18
  2400.0         13.53       97.15502    5.16    0.19
  2800.0         11.24       97.92057    1.43    0.16
  3200.0          8.94       98.68612    0.84    0.11
  3600.0          6.67       98.09783    0.71    0.06
  4000.0          4.69       91.54195    2.61    0.09
  4400.0          2.73       85.47305    9.30    0.12
  4800.0          0.65       79.08583    8.83    0.11
  5200.0         -2.10       86.77978    3.48    0.14
  5600.0         -4.20       71.91262    0.94    0.11
  6000.0         -6.20       72.82759    2.06    0.06
  6400.0         -8.81       67.98000    5.80    0.06
  6800.0         -8.70       31.00000    2.11    0.08
  7200.0         -9.41        5.00000    6.69    0.16
  7600.0        -12.73        5.00000   12.95    0.20
  8000.0        -16.05        6.32911   14.90    0.20
  8400.0        -19.40        8.86076   12.26    0.19
  8800.0        -22.97       25.69044    9.68    0.17
  9200.0        -26.73       54.21851    7.24    0.15
  9600.0        -29.13       37.55504    5.05    0.12
 10000.0        -32.08       51.99301    3.01    0.10
 10400.0        -34.61       27.39262    0.22    0.13
 10800.0        -37.93       37.58491    0.25    0.22
 11200.0        -41.18       42.55556    3.61    0.24
 11600.0        -44.40       31.83756    3.24    0.34
 12000.0        -47.68       29.39944    2.18    0.41
 12400.0        -50.94       31.64979    2.07    0.26
 12800.0        -54.28       31.02469    1.24    0.13
 13200.0        -57.82       27.08845    3.15    0.03
 13600.0        -61.62       37.57317    5.28    0.06
 14000.0        -64.53       43.05263    7.11    0.11
 14400.0        -64.75        9.98765   11.02    0.05
 14800.0        -67.89       12.10011   14.41    0.18
 15200.0        -70.99       15.54467    7.76    0.41
 15600.0        -74.07       20.31579   20.00    0.09
 16000.0        -77.13       26.07729   10.06    0.07
 16400.0        -80.02       33.96629    9.30    0.18
 16800.0        -82.53       41.82517   10.45    0.16
 17200.0        -83.32       33.38776   11.60    0.13
 17600.0        -80.98       22.96024    4.21    0.25
 18000.0        -81.08       22.01657    3.32    0.27
 18400.0        -78.63       16.18421    2.54    0.06
 18800.0        -73.51        7.24390    0.42    0.06
 19200.0        -68.07        4.00000    5.23    0.07
 19600.0        -69.84        4.73874    3.50    0.03
 20000.0        -67.29        3.32692    5.85    0.14
 20400.0        -67.35        3.00000    6.59    0.10
 20800.0        -68.83        3.00000    0.49    0.15
 21200.0        -70.13        4.00000    3.26    0.18
 21600.0        -66.84        2.52954    0.34    0.34
 22000.0        -64.26        2.00000    2.42    0.50
 22400.0        -63.45        2.00000    7.83    0.39
 22800.0        -63.88        2.00000    0.14    0.27
 23200.0        -62.69        2.00000    0.12    0.21
 23600.0        -61.49        1.82915    2.14    0.14
 24000.0        -60.27        1.00000    2.46    0.11
 24400.0        -58.99        1.00000    0.88    0.03
 24800.0        -54.57        1.00000   10.24    0.07
 25200.0        -54.70        1.00000   13.40    0.03
 25600.0        -54.70        1.00000   13.40    0.03
 26000.0        -54.70        1.00000   13.40    0.03
 26400.0        -54.70        1.00000   13.40    0.03
 26800.0        -54.70        1.00000   13.40    0.03
 27200.0        -54.70        1.00000   13.40    0.03
 27600.0        -54.70        1.00000   13.40    0.03
 28000.0        -54.70        1.00000   13.40    0.03
 28400.0        -54.70        1.00000   13.40    0.03
 28800.0        -54.70        1.00000   13.40    0.03
 29200.0        -54.70        1.00000   13.40    0.03
 29600.0        -54.70        1.00000   13.40    0.03
 30000.0        -54.70        1.00000   13.40    0.03
 30400.0        -54.70        1.00000   13.40    0.03
 30800.0        -54.70        1.00000   13.40    0.03
 31200.0        -54.70        1.00000   13.40    0.03
 31600.0        -54.70        1.00000   13.40    0.03
 32000.0        -54.70        1.00000   13.40    0.03
 32400.0        -54.70        1.00000   13.40    0.03
 32800.0        -54.70        1.00000   13.40    0.03
 33200.0        -54.70        1.00000   13.40    0.03
 33600.0        -54.70        1.00000   13.40    0.03
 34000.0        -54.70        1.00000   13.40    0.03
 34400.0        -54.70        1.00000   13.40    0.03
 34800.0        -54.70        1.00000   13.40    0.03
 35200.0        -54.70        1.00000   13.40    0.03
 35600.0        -54.70        1.00000   13.40    0.03
 36000.0        -54.70        1.00000   13.40    0.03
 36400.0        -54.70        1.00000   13.40    0.03
 36800.0        -54.70        1.00000   13.40    0.03
 37200.0        -54.70        1.00000   13.40    0.03
 37600.0        -54.70        1.00000   13.40    0.03
 38000.0        -54.70        1.00000   13.40    0.03
 38400.0        -54.70        1.00000   13.40    0.03
 38800.0        -54.70        1.00000   13.40    0.03
 39200.0        -54.70        1.00000   13.40    0.03
 39600.0        -54.70        1.00000   13.40    0.03
 40000.0        -54.70        1.00000   13.40    0.03
 40400.0        -54.70        1.00000   13.40    0.03
 40800.0        -54.70        1.00000   13.40    0.03
 41200.0        -54.70        1.00000   13.40    0.03
 41600.0        -54.70        1.00000   13.40    0.03
 42000.0        -54.70        1.00000   13.40    0.03
 42400.0        -54.70        1.00000   13.40    0.03
 42800.0        -54.70        1.00000   13.40    0.03
 43200.0        -54.70        1.00000   13.40    0.03
 43600.0        -54.70        1.00000   13.40    0.03
 44000.0        -54.70        1.00000   13.40    0.03
 44400.0        -54.70        1.00000   13.40    0.03
 44800.0        -54.70        1.00000   13.40    0.03
 45200.0        -54.70        1.00000   13.40    0.03
 45600.0        -54.70        1.00000   13.40    0.03
 46000.0        -54.70        1.00000   13.40    0.03
 46400.0        -54.70        1.00000   13.40    0.03
 46800.0        -54.70        1.00000   13.40    0.03
 47200.0        -54.70        1.00000   13.40    0.03
 47600.0        -54.70        1.00000   13.40    0.03
 48000.0        -54.70        1.00000   13.40    0.03
 48400.0        -54.70        1.00000   13.40    0.03
 48800.0        -54.70        1.00000   13.40    0.03
 49200.0        -54.70        1.00000   13.40    0.03
 49600.0        -54.70        1.00000   13.40    0.03
 50000.0        -54.70        1.00000   13.40    0.03
