NUMBER OF MARPTS:   126

 HEIGHTS  TEMPERATURES  REL. HUMIDITY  U-WIND  V-WIND
     [M]           [C]            [%]   [M/S]   [M/S]

     0.0          6.20       74.00000    0.11    0.00
   400.0         12.78       33.57471    0.30    0.11
   800.0          9.67       38.05682    0.08    0.07
  1200.0          6.17       43.75082    0.01    0.02
  1600.0          2.66       48.00000    0.11    0.05
  2000.0          1.09       17.06773    0.24    0.03
  2400.0         -1.33       30.94118    0.02    0.19
  2800.0         -2.41        5.53279    0.41    0.04
  3200.0         -3.60        4.88953    0.42    0.07
  3600.0         -5.58       10.62626    0.42    0.14
  4000.0         -8.36       25.77129    0.47    0.13
  4400.0        -11.55       29.30820    0.50    0.08
  4800.0        -14.69       33.24262    0.48    0.04
  5200.0        -17.84       37.51485    0.43    0.14
  5600.0        -20.34       32.00000    0.49    0.04
  6000.0        -23.49       49.25000    0.44    0.10
  6400.0        -26.66       47.17361    0.45    0.11
  6800.0        -30.15       41.78218    0.45    0.11
  7200.0        -32.87       17.00000    0.47    0.12
  7600.0        -36.23       26.45799    0.49    0.16
  8000.0        -39.46       34.62151    0.49    0.17
  8400.0        -42.55       39.80769    0.48    0.18
  8800.0        -45.75       45.30809    0.48    0.18
  9200.0        -48.60       28.96296    0.48    0.19
  9600.0        -50.30       21.99138    0.50    0.20
 10000.0        -50.59       18.36228    0.43    0.22
 10400.0        -52.23       20.66667    0.34    0.21
 10800.0        -52.90       19.96345    0.36    0.16
 11200.0        -52.80       16.11483    0.33    0.12
 11600.0        -50.98        8.78322    0.30    0.08
 12000.0        -51.35        5.72752    0.17    0.16
 12400.0        -51.80        3.51452    0.18    0.15
 12800.0        -49.19        2.00000    0.26    0.06
 13200.0        -47.73        1.00000    0.23    0.10
 13600.0        -47.44        1.00000    0.17    0.13
 14000.0        -50.22        1.00000    0.18    0.10
 14400.0        -49.86        1.00000    0.18    0.06
 14800.0        -47.91        1.00000    0.15    0.03
 15200.0        -48.83        1.00000    0.14    0.00
 15600.0        -48.61        1.00000    0.10    0.07
 16000.0        -49.30        1.00000    0.01    0.10
 16400.0        -49.85        1.00000    0.09    0.08
 16800.0        -49.60        1.00000    0.08    0.11
 17200.0        -49.36        1.00000    0.05    0.14
 17600.0        -49.12        1.00000    0.02    0.17
 18000.0        -48.87        1.00000    0.03    0.19
 18400.0        -48.64        1.00000    0.08    0.20
 18800.0        -48.42        1.00000    0.06    0.20
 19200.0        -48.21        1.00000    0.03    0.19
 19600.0        -48.01        1.00000    0.00    0.18
 20000.0        -47.80        1.00000    0.02    0.16
 20400.0        -47.82        1.00000    0.05    0.15
 20800.0        -48.06        1.00000    0.06    0.12
 21200.0        -48.17        1.00000    0.08    0.13
 21600.0        -48.24        1.00000    0.07    0.13
 22000.0        -48.31        1.00000    0.04    0.12
 22400.0        -48.37        1.00000    0.02    0.11
 22800.0        -48.44        1.00000    0.00    0.10
 23200.0        -48.51        1.00000    0.02    0.11
 23600.0        -48.62        1.00000    0.12    0.18
 24000.0        -48.69        1.00000    0.04    0.19
 24400.0        -48.04        1.00000    0.00    0.22
 24800.0        -46.46        1.00000    0.04    0.22
 25200.0        -46.23        1.00000    0.13    0.22
 25600.0        -46.10        1.00000    0.15    0.07
 26000.0        -46.07        1.00000    0.15    0.22
 26400.0        -45.97        1.00000    0.08    0.23
 26800.0        -45.90        1.00000    0.05    0.21
 27200.0        -46.02        1.00000    0.13    0.28
 27600.0        -45.62        1.00000    0.17    0.31
 28000.0        -44.71        1.00000    0.10    0.35
 28400.0        -41.52        1.00000    0.01    0.40
 28800.0        -41.80        1.00000    0.02    0.39
 29200.0        -42.06        1.00000    0.18    0.32
 29600.0        -41.95        1.00000    0.05    0.41
 30000.0        -40.19        1.00000    0.08    0.44
 30400.0        -39.23        1.00000    0.11    0.48
 30800.0        -39.16        1.00000    0.03    0.43
 31200.0        -39.11        1.00000    0.05    0.35
 31600.0        -37.60        1.00000    0.06    0.29
 32000.0        -36.86        1.00000    0.07    0.27
 32400.0        -36.12        1.00000    0.05    0.24
 32800.0        -35.00        1.00000    0.09    0.16
 33200.0        -33.06        1.00000    0.15    0.32
 33600.0        -33.00        1.00000    0.13    0.50
 34000.0        -33.00        1.00000    0.13    0.50
 34400.0        -33.00        1.00000    0.13    0.50
 34800.0        -33.00        1.00000    0.13    0.50
 35200.0        -33.00        1.00000    0.13    0.50
 35600.0        -33.00        1.00000    0.13    0.50
 36000.0        -33.00        1.00000    0.13    0.50
 36400.0        -33.00        1.00000    0.13    0.50
 36800.0        -33.00        1.00000    0.13    0.50
 37200.0        -33.00        1.00000    0.13    0.50
 37600.0        -33.00        1.00000    0.13    0.50
 38000.0        -33.00        1.00000    0.13    0.50
 38400.0        -33.00        1.00000    0.13    0.50
 38800.0        -33.00        1.00000    0.13    0.50
 39200.0        -33.00        1.00000    0.13    0.50
 39600.0        -33.00        1.00000    0.13    0.50
 40000.0        -33.00        1.00000    0.13    0.50
 40400.0        -33.00        1.00000    0.13    0.50
 40800.0        -33.00        1.00000    0.13    0.50
 41200.0        -33.00        1.00000    0.13    0.50
 41600.0        -33.00        1.00000    0.13    0.50
 42000.0        -33.00        1.00000    0.13    0.50
 42400.0        -33.00        1.00000    0.13    0.50
 42800.0        -33.00        1.00000    0.13    0.50
 43200.0        -33.00        1.00000    0.13    0.50
 43600.0        -33.00        1.00000    0.13    0.50
 44000.0        -33.00        1.00000    0.13    0.50
 44400.0        -33.00        1.00000    0.13    0.50
 44800.0        -33.00        1.00000    0.13    0.50
 45200.0        -33.00        1.00000    0.13    0.50
 45600.0        -33.00        1.00000    0.13    0.50
 46000.0        -33.00        1.00000    0.13    0.50
 46400.0        -33.00        1.00000    0.13    0.50
 46800.0        -33.00        1.00000    0.13    0.50
 47200.0        -33.00        1.00000    0.13    0.50
 47600.0        -33.00        1.00000    0.13    0.50
 48000.0        -33.00        1.00000    0.13    0.50
 48400.0        -33.00        1.00000    0.13    0.50
 48800.0        -33.00        1.00000    0.13    0.50
 49200.0        -33.00        1.00000    0.13    0.50
 49600.0        -33.00        1.00000    0.13    0.50
 50000.0        -33.00        1.00000    0.13    0.50
