NUMBER OF MARPTS:   126

 HEIGHTS  TEMPERATURES  REL. HUMIDITY  U-WIND  V-WIND
     [M]           [C]            [%]   [M/S]   [M/S]

     0.0          6.20       74.00000    8.95    0.00
   400.0         12.78       33.57471   22.35    0.11
   800.0          9.67       38.05682    6.83    0.07
  1200.0          6.17       43.75082    1.68    0.02
  1600.0          2.66       48.00000    8.53    0.05
  2000.0          1.09       17.06773   17.50    0.03
  2400.0         -1.33       30.94118    2.08    0.19
  2800.0         -2.41        5.53279   29.77    0.04
  3200.0         -3.60        4.88953   30.49    0.07
  3600.0         -5.58       10.62626   30.21    0.14
  4000.0         -8.36       25.77129   33.68    0.13
  4400.0        -11.55       29.30820   36.00    0.08
  4800.0        -14.69       33.24262   34.61    0.04
  5200.0        -17.84       37.51485   31.23    0.14
  5600.0        -20.34       32.00000   35.64    0.04
  6000.0        -23.49       49.25000   31.93    0.10
  6400.0        -26.66       47.17361   32.34    0.11
  6800.0        -30.15       41.78218   32.39    0.11
  7200.0        -32.87       17.00000   33.83    0.12
  7600.0        -36.23       26.45799   35.51    0.16
  8000.0        -39.46       34.62151   35.19    0.17
  8400.0        -42.55       39.80769   34.88    0.18
  8800.0        -45.75       45.30809   34.53    0.18
  9200.0        -48.60       28.96296   34.27    0.19
  9600.0        -50.30       21.99138   35.91    0.20
 10000.0        -50.59       18.36228   30.96    0.22
 10400.0        -52.23       20.66667   24.77    0.21
 10800.0        -52.90       19.96345   26.26    0.16
 11200.0        -52.80       16.11483   24.17    0.12
 11600.0        -50.98        8.78322   21.96    0.08
 12000.0        -51.35        5.72752   12.84    0.16
 12400.0        -51.80        3.51452   13.44    0.15
 12800.0        -49.19        2.00000   19.13    0.06
 13200.0        -47.73        1.00000   16.79    0.10
 13600.0        -47.44        1.00000   12.83    0.13
 14000.0        -50.22        1.00000   13.55    0.10
 14400.0        -49.86        1.00000   13.71    0.06
 14800.0        -47.91        1.00000   11.80    0.03
 15200.0        -48.83        1.00000   10.54    0.00
 15600.0        -48.61        1.00000    7.94    0.07
 16000.0        -49.30        1.00000    1.35    0.10
 16400.0        -49.85        1.00000    7.12    0.08
 16800.0        -49.60        1.00000    6.47    0.11
 17200.0        -49.36        1.00000    4.83    0.14
 17600.0        -49.12        1.00000    2.21    0.17
 18000.0        -48.87        1.00000    3.32    0.19
 18400.0        -48.64        1.00000    6.35    0.20
 18800.0        -48.42        1.00000    5.43    0.20
 19200.0        -48.21        1.00000    3.13    0.19
 19600.0        -48.01        1.00000    1.07    0.18
 20000.0        -47.80        1.00000    2.72    0.16
 20400.0        -47.82        1.00000    4.20    0.15
 20800.0        -48.06        1.00000    5.22    0.12
 21200.0        -48.17        1.00000    6.53    0.13
 21600.0        -48.24        1.00000    5.81    0.13
 22000.0        -48.31        1.00000    4.07    0.12
 22400.0        -48.37        1.00000    2.52    0.11
 22800.0        -48.44        1.00000    1.18    0.10
 23200.0        -48.51        1.00000    2.59    0.11
 23600.0        -48.62        1.00000    9.38    0.18
 24000.0        -48.69        1.00000    3.86    0.19
 24400.0        -48.04        1.00000    1.00    0.22
 24800.0        -46.46        1.00000    3.86    0.22
 25200.0        -46.23        1.00000   10.43    0.22
 25600.0        -46.10        1.00000   11.45    0.07
 26000.0        -46.07        1.00000   11.29    0.22
 26400.0        -45.97        1.00000    6.91    0.23
 26800.0        -45.90        1.00000    4.17    0.21
 27200.0        -46.02        1.00000    9.98    0.28
 27600.0        -45.62        1.00000   12.80    0.31
 28000.0        -44.71        1.00000    7.98    0.35
 28400.0        -41.52        1.00000    1.98    0.40
 28800.0        -41.80        1.00000    2.60    0.39
 29200.0        -42.06        1.00000   13.81    0.32
 29600.0        -41.95        1.00000    4.74    0.41
 30000.0        -40.19        1.00000    6.47    0.44
 30400.0        -39.23        1.00000    8.93    0.48
 30800.0        -39.16        1.00000    3.13    0.43
 31200.0        -39.11        1.00000    4.73    0.35
 31600.0        -37.60        1.00000    5.14    0.29
 32000.0        -36.86        1.00000    5.73    0.27
 32400.0        -36.12        1.00000    4.36    0.24
 32800.0        -35.00        1.00000    7.24    0.16
 33200.0        -33.06        1.00000   11.28    0.32
 33600.0        -33.00        1.00000    9.84    0.50
 34000.0        -33.00        1.00000    9.84    0.50
 34400.0        -33.00        1.00000    9.84    0.50
 34800.0        -33.00        1.00000    9.84    0.50
 35200.0        -33.00        1.00000    9.84    0.50
 35600.0        -33.00        1.00000    9.84    0.50
 36000.0        -33.00        1.00000    9.84    0.50
 36400.0        -33.00        1.00000    9.84    0.50
 36800.0        -33.00        1.00000    9.84    0.50
 37200.0        -33.00        1.00000    9.84    0.50
 37600.0        -33.00        1.00000    9.84    0.50
 38000.0        -33.00        1.00000    9.84    0.50
 38400.0        -33.00        1.00000    9.84    0.50
 38800.0        -33.00        1.00000    9.84    0.50
 39200.0        -33.00        1.00000    9.84    0.50
 39600.0        -33.00        1.00000    9.84    0.50
 40000.0        -33.00        1.00000    9.84    0.50
 40400.0        -33.00        1.00000    9.84    0.50
 40800.0        -33.00        1.00000    9.84    0.50
 41200.0        -33.00        1.00000    9.84    0.50
 41600.0        -33.00        1.00000    9.84    0.50
 42000.0        -33.00        1.00000    9.84    0.50
 42400.0        -33.00        1.00000    9.84    0.50
 42800.0        -33.00        1.00000    9.84    0.50
 43200.0        -33.00        1.00000    9.84    0.50
 43600.0        -33.00        1.00000    9.84    0.50
 44000.0        -33.00        1.00000    9.84    0.50
 44400.0        -33.00        1.00000    9.84    0.50
 44800.0        -33.00        1.00000    9.84    0.50
 45200.0        -33.00        1.00000    9.84    0.50
 45600.0        -33.00        1.00000    9.84    0.50
 46000.0        -33.00        1.00000    9.84    0.50
 46400.0        -33.00        1.00000    9.84    0.50
 46800.0        -33.00        1.00000    9.84    0.50
 47200.0        -33.00        1.00000    9.84    0.50
 47600.0        -33.00        1.00000    9.84    0.50
 48000.0        -33.00        1.00000    9.84    0.50
 48400.0        -33.00        1.00000    9.84    0.50
 48800.0        -33.00        1.00000    9.84    0.50
 49200.0        -33.00        1.00000    9.84    0.50
 49600.0        -33.00        1.00000    9.84    0.50
 50000.0        -33.00        1.00000    9.84    0.50
