NUMBER OF MARPTS:   126

 HEIGHTS  TEMPERATURES  REL. HUMIDITY  U-WIND  V-WIND
     [M]           [C]            [%]   [M/S]   [M/S]

     0.0         14.80       82.00000    0.00    0.00
   400.0         15.32       78.15789    2.92    0.03
   800.0         16.60       75.00000    1.60    0.04
  1200.0         15.25       75.00000    1.20    0.02
  1600.0         12.95       64.40000    2.05    0.01
  2000.0         10.61       47.29843    2.91    0.02
  2400.0          7.95       48.87500    2.94    0.04
  2800.0          6.10       33.42963    1.28    0.01
  3200.0          3.49       24.57678    0.70    0.02
  3600.0          0.79       17.08614    4.72    0.04
  4000.0         -1.48       11.87611    3.91    0.03
  4400.0         -3.31        8.23855    2.89    0.03
  4800.0         -5.16        6.00000    3.55    0.03
  5200.0         -8.08        6.59594    0.88    0.04
  5600.0        -10.02        8.17259    2.57    0.04
  6000.0        -12.57        8.08475    4.62    0.05
  6400.0        -13.89       20.89552    0.03    0.11
  6800.0        -17.36       29.65823    6.61    0.12
  7200.0        -19.77       23.77778   12.17    0.15
  7600.0        -22.25       19.71831   12.44    0.22
  8000.0        -25.52       25.24481    7.05    0.24
  8400.0        -28.52       25.39356   10.18    0.24
  8800.0        -31.29       20.93812   13.23    0.23
  9200.0        -34.51       17.63279   15.88    0.22
  9600.0        -38.02       15.16423   16.55    0.21
 10000.0        -41.23       15.89416   13.74    0.24
 10400.0        -44.75       23.50534   16.73    0.24
 10800.0        -48.35       38.00000   20.00    0.23
 11200.0        -51.57       37.34061   19.66    0.19
 11600.0        -54.79       36.47126   14.39    0.19
 12000.0        -58.03       35.61433    9.50    0.20
 12400.0        -61.00       34.37500    3.22    0.28
 12800.0        -59.06       32.05714   19.87    0.50
 13200.0        -52.84       24.02174    1.41    0.32
 13600.0        -52.40       20.89689    1.61    0.23
 14000.0        -53.10       19.00000   13.40    0.25
 14400.0        -52.71       17.00000   18.69    0.29
 14800.0        -52.66       13.65079   18.41    0.28
 15200.0        -54.10       12.11173   12.20    0.22
 15600.0        -55.51       11.31240   13.94    0.18
 16000.0        -56.31       10.00000   14.92    0.13
 16400.0        -57.10       10.00000   14.03    0.09
 16800.0        -57.78        9.65487   12.74    0.06
 17200.0        -58.33        8.96462   11.83    0.05
 17600.0        -58.88        8.27437   10.57    0.03
 18000.0        -58.37        7.54442    8.90    0.02
 18400.0        -57.14        6.10400    7.42    0.01
 18800.0        -57.05        6.34965    7.08    0.02
 19200.0        -54.31        6.00000    6.05    0.01
 19600.0        -55.37        6.00000    5.16    0.00
 20000.0        -54.36        5.00000    4.24    0.01
 20400.0        -54.82        5.00000    2.40    0.01
 20800.0        -55.26        5.00000    0.83    0.02
 21200.0        -53.63        4.00000    2.47    0.05
 21600.0        -51.52        3.13443   10.14    0.10
 22000.0        -51.90        3.00000    3.78    0.14
 22400.0        -53.31        3.00000    6.27    0.18
 22800.0        -54.10        2.68609    8.29    0.14
 23200.0        -54.10        2.00000    7.20    0.09
 23600.0        -53.11        2.00000    1.03    0.07
 24000.0        -49.93        1.19573    8.69    0.10
 24400.0        -49.31        1.00000   13.43    0.11
 24800.0        -49.44        1.00000    4.20    0.10
 25200.0        -49.50        1.00000    9.77    0.15
 25600.0        -49.60        1.00000   11.21    0.18
 26000.0        -49.12        1.00000    8.81    0.18
 26400.0        -46.95        1.00000    8.45    0.26
 26800.0        -47.34        1.00000    6.77    0.29
 27200.0        -47.96        1.00000    1.41    0.22
 27600.0        -46.96        1.00000    8.04    0.23
 28000.0        -46.00        1.00000    1.96    0.27
 28400.0        -45.76        1.00000    8.87    0.26
 28800.0        -46.18        1.00000    2.21    0.25
 29200.0        -45.74        1.00000    5.79    0.26
 29600.0        -44.97        1.00000    4.40    0.29
 30000.0        -44.21        1.00000    2.63    0.32
 30400.0        -43.45        1.00000    0.48    0.35
 30800.0        -42.61        1.00000    0.98    0.33
 31200.0        -41.35        1.00000    2.40    0.30
 31600.0        -40.10        1.00000    3.51    0.27
 32000.0        -38.09        1.00000    1.50    0.26
 32400.0        -37.03        1.00000    0.57    0.26
 32800.0        -37.27        1.00000    2.71    0.25
 33200.0        -37.51        1.00000    4.80    0.25
 33600.0        -37.70        1.00000    6.46    0.25
 34000.0        -37.70        1.00000    6.46    0.25
 34400.0        -37.70        1.00000    6.46    0.25
 34800.0        -37.70        1.00000    6.46    0.25
 35200.0        -37.70        1.00000    6.46    0.25
 35600.0        -37.70        1.00000    6.46    0.25
 36000.0        -37.70        1.00000    6.46    0.25
 36400.0        -37.70        1.00000    6.46    0.25
 36800.0        -37.70        1.00000    6.46    0.25
 37200.0        -37.70        1.00000    6.46    0.25
 37600.0        -37.70        1.00000    6.46    0.25
 38000.0        -37.70        1.00000    6.46    0.25
 38400.0        -37.70        1.00000    6.46    0.25
 38800.0        -37.70        1.00000    6.46    0.25
 39200.0        -37.70        1.00000    6.46    0.25
 39600.0        -37.70        1.00000    6.46    0.25
 40000.0        -37.70        1.00000    6.46    0.25
 40400.0        -37.70        1.00000    6.46    0.25
 40800.0        -37.70        1.00000    6.46    0.25
 41200.0        -37.70        1.00000    6.46    0.25
 41600.0        -37.70        1.00000    6.46    0.25
 42000.0        -37.70        1.00000    6.46    0.25
 42400.0        -37.70        1.00000    6.46    0.25
 42800.0        -37.70        1.00000    6.46    0.25
 43200.0        -37.70        1.00000    6.46    0.25
 43600.0        -37.70        1.00000    6.46    0.25
 44000.0        -37.70        1.00000    6.46    0.25
 44400.0        -37.70        1.00000    6.46    0.25
 44800.0        -37.70        1.00000    6.46    0.25
 45200.0        -37.70        1.00000    6.46    0.25
 45600.0        -37.70        1.00000    6.46    0.25
 46000.0        -37.70        1.00000    6.46    0.25
 46400.0        -37.70        1.00000    6.46    0.25
 46800.0        -37.70        1.00000    6.46    0.25
 47200.0        -37.70        1.00000    6.46    0.25
 47600.0        -37.70        1.00000    6.46    0.25
 48000.0        -37.70        1.00000    6.46    0.25
 48400.0        -37.70        1.00000    6.46    0.25
 48800.0        -37.70        1.00000    6.46    0.25
 49200.0        -37.70        1.00000    6.46    0.25
 49600.0        -37.70        1.00000    6.46    0.25
 50000.0        -37.70        1.00000    6.46    0.25
