NUMBER OF MARPTS:   141

 HEIGHTS  TEMPERATURES  REL. HUMIDITY  U-WIND  V-WIND
     [M]           [C]            [%]   [M/S]   [M/S]

     0.0         29.40       85.00000    0.00   -3.60
     5.0         29.40       85.00000    0.00   -3.60
    14.0         29.60       75.00000   -0.13   -3.60
    33.0         29.40       70.00000   -0.50   -4.08
    60.0         28.60       70.00000   -1.07   -3.98
    96.0         28.00       74.00000   -1.20   -3.94
   305.0         26.10       80.00000   -2.57   -4.45
   610.0         23.20       88.00000   -2.57   -4.45
   635.0         23.00       89.00000   -2.57   -4.45
   748.0         22.40       89.00000   -3.09   -5.35
   914.0         21.40       89.00000   -3.60   -6.24
  1219.0         19.60       88.00000   -4.63   -5.52
  1480.0         18.00       88.00000   -4.73   -4.73
  1561.0         17.40       89.00000   -4.36   -4.36
  1829.0         16.30       84.00000   -2.91   -2.91
  2095.0         15.20       79.00000   -2.66   -5.00
  2134.0         14.90       80.00000   -2.39   -5.13
  2438.0         12.90       86.00000   -3.97   -4.73
  2511.0         12.40       87.00000   -3.88   -4.80
  2743.0         12.20       78.00000   -3.25   -4.64
  2761.0         12.20       77.00000   -3.25   -4.64
  2970.0         10.80       90.00000   -2.49   -4.50
  3041.0         10.80       90.00000   -2.34   -4.58
  3124.0         10.80       76.00000   -2.17   -4.66
  3136.0         10.60       76.00000   -2.17   -4.66
  3196.0         10.20       83.00000   -1.93   -4.77
  3268.0         10.20       76.00000   -1.58   -4.35
  3658.0          8.30       78.00000   -0.36   -4.10
  3728.0          8.00       79.00000   -0.50   -4.08
  3856.0          7.40       72.00000   -0.63   -3.55
  4267.0          4.70       76.00000   -0.88   -2.42
  4856.0          0.80       82.00000   -0.65    1.40
  4877.0          0.70       81.00000   -0.53    1.45
  5719.0         -2.70       71.00000   -0.18   -1.01
  5860.0         -3.90       74.00000    0.27   -0.99
  6096.0         -5.40       76.00000   -1.49   -0.40
  6181.0         -5.90       77.00000   -1.52   -0.27
  7072.0         -9.70       52.00000   -0.79    0.66
  7144.0        -10.10       40.00000   -0.74    0.71
  7327.0        -10.90       44.00000   -0.59    0.84
  7571.0        -13.10       51.00000   -0.37    0.96
  7590.0        -13.10       51.00000   -0.35    0.97
  7620.0        -13.30       50.00000   -0.18    1.01
  8019.0        -15.90       42.00000   -0.70    1.38
  8160.0        -17.10       38.00000   -1.12    1.73
  8241.0        -17.70       26.00000   -1.21    1.66
  8658.0        -20.90       53.00000   -2.08    1.51
  8852.0        -21.70       40.00000   -2.73    1.45
  9144.0        -23.70       36.00000   -3.48    0.93
  9208.0        -24.10       36.00000   -3.56    0.56
  9625.0        -27.90       42.00000   -2.29   -1.17
  9720.0        -28.50       42.00000   -2.11   -1.48
 10058.0        -31.40       37.00000   -1.65   -1.97
 10110.0        -31.90       36.00000   -1.69   -1.94
 10261.0        -32.90       45.00000   -2.07   -2.29
 10414.0        -34.10       49.00000   -2.14   -2.22
 10836.0        -37.10       43.00000   -3.06   -2.75
 11000.0        -38.50       43.00000   -3.55   -2.98
 11422.0        -42.10       46.00000   -5.40   -2.99
 11582.0        -43.40       37.00000   -6.06   -2.83
 11596.0        -43.50       36.00000   -6.06   -2.83
 11864.0        -46.10       35.00000   -7.93   -3.70
 12490.0        -51.30       38.00000  -12.12   -5.65
 12497.0        -51.40       38.00000  -12.03   -6.94
 12588.0        -52.30       37.00000  -12.15   -6.73
 12720.0        -53.10       33.00000  -11.81   -6.28
 12854.0        -54.30       11.00000  -11.56   -5.64
 13165.0        -56.90        2.00000  -10.89   -4.62
 13411.0        -59.20        7.00000  -10.63   -3.87
 13597.0        -60.90       16.00000  -10.02   -2.31
 13783.0        -62.70       16.00000   -9.22   -0.81
 14021.0        -64.50       15.00000   -8.20    0.72
 14290.0        -66.50       15.00000  -10.25    0.90
 15240.0        -73.10       12.00000  -17.73    3.13
 15564.0        -75.30       12.00000  -14.68    6.23
 15858.0        -76.70        9.00000  -11.65    8.47
 16112.0        -79.30        7.00000   -8.77    9.41
 16650.0        -81.70        5.00000   -3.34    9.18
 17530.0        -84.90        6.00000   -6.20    8.85
 17858.0        -82.90        6.00000   -1.45   13.81
 17983.0        -80.60        6.00000    1.30   14.86
 17999.0        -80.30        6.00000    1.82   14.81
 18288.0        -82.50        6.00000    5.90    8.43
 18593.0        -84.80        6.00000    1.61    9.12
 18601.0        -84.90        6.00000    1.61    9.12
 18640.0        -84.50        6.00000    1.61    9.12
 18867.0        -81.10        6.00000   -4.79   12.49
 18898.0        -81.00        6.00000   -5.87   12.59
 19132.0        -80.70        6.00000   -6.08   15.85
 19284.0        -76.90        5.00000   -6.20   18.00
 19507.0        -74.30        4.00000   -5.59   20.87
 19540.0        -73.90        4.00000   -5.10   20.46
 20117.0        -72.20        2.00000    0.00   16.46
 20381.0        -71.50        1.00000   -0.92   17.47
 20580.0        -67.70        1.00000   -1.57   17.94
 21031.0        -64.90        1.00000   -3.84   21.78
 21099.0        -64.50        1.00000   -2.63   21.44
 21336.0        -66.20        1.00000    1.75   19.99
 21397.0        -66.70        1.00000    2.10   19.95
 21623.0        -65.70        1.00000    3.73   19.19
 21888.0        -66.70        1.00000    5.56   18.20
 22024.0        -65.90        1.00000    6.51   17.89
 22250.0        -61.10        1.00000    7.83   16.78
 22296.0        -60.10        1.00000    7.53   16.92
 23014.0        -59.70        1.00000    4.93   18.38
 23420.0        -56.50        1.00000    2.98   18.80
 23730.0        -56.30        1.00000    1.66   18.96
 24384.0        -54.60        1.00000   -1.79   20.50
 24669.0        -53.90        1.00000    0.00   20.58
 25298.0        -50.00        1.00000    3.66   20.77
 25702.0        -47.50        1.00000    0.00   20.06
 25908.0        -48.00        1.00000   -1.70   19.47
 26360.0        -49.10        1.00000    3.57   20.26
 27127.0        -52.80        1.00000    8.48   18.18
 27155.0        -52.90        1.00000    8.16   18.33
 27432.0        -53.30        1.00000    3.93   22.29
 27926.0        -54.10        1.00000   -0.39   22.12
 28135.0        -51.70        1.00000   -1.93   22.04
 28346.0        -51.90        1.00000   -3.84   21.78
 28396.0        -51.90        1.00000   -3.84   21.78
 28956.0        -48.70        1.00000   -3.01   24.51
 29261.0        -48.60        1.00000   -2.29   26.13
 30314.0        -48.30        1.00000   -9.25   22.89
 30480.0        -46.50        1.00000  -10.22   21.91
 30890.0        -41.90        1.00000   -7.32   27.33
 31394.0        -41.50        1.00000   -3.36   38.43
 31529.0        -41.40        1.00000   -3.36   38.43
 31604.0        -41.30        1.00000   -1.97   37.50
 31990.0        -42.90        1.00000    4.01   32.68
 32309.0        -40.20        1.00000    7.46   27.83
 32664.0        -37.10        1.00000    4.91   25.25
 33320.0        -38.90        1.00000    1.75   19.99
 34000.0        -38.90        1.00000    1.75   19.99
 36000.0        -38.90        1.00000    1.75   19.99
 38000.0        -38.90        1.00000    1.75   19.99
 40000.0        -38.90        1.00000    1.75   19.99
 42000.0        -38.90        1.00000    1.75   19.99
 44000.0        -38.90        1.00000    1.75   19.99
 46000.0        -38.90        1.00000    1.75   19.99
 48000.0        -38.90        1.00000    1.75   19.99
 50000.0        -38.90        1.00000    1.75   19.99
