NUMBER OF MARPTS:   126

 HEIGHTS  TEMPERATURES  REL. HUMIDITY  U-WIND  V-WIND
     [M]           [C]            [%]   [M/S]   [M/S]

     0.0         23.00       23.00000    1.36    0.02
   400.0         25.36       76.73469    0.18    0.03
   800.0         25.33       58.79008    1.70    0.01
  1200.0         22.39       67.85106    1.48    0.07
  1600.0         19.21       82.07692    7.80    0.14
  2000.0         16.23       91.65363   12.03    0.18
  2400.0         13.53       97.15502    6.45    0.19
  2800.0         11.24       97.92057    1.78    0.16
  3200.0          8.94       98.68612    1.05    0.11
  3600.0          6.67       98.09783    0.89    0.06
  4000.0          4.69       91.54195    3.26    0.09
  4400.0          2.73       85.47305   11.62    0.12
  4800.0          0.65       79.08583   11.04    0.11
  5200.0         -2.10       86.77978    4.35    0.14
  5600.0         -4.20       71.91262    1.17    0.11
  6000.0         -6.20       72.82759    2.58    0.06
  6400.0         -8.81       67.98000    7.26    0.06
  6800.0         -8.70       31.00000    2.63    0.08
  7200.0         -9.41        5.00000    8.37    0.16
  7600.0        -12.73        5.00000   16.19    0.20
  8000.0        -16.05        6.32911   18.62    0.20
  8400.0        -19.40        8.86076   15.32    0.19
  8800.0        -22.97       25.69044   12.10    0.17
  9200.0        -26.73       54.21851    9.04    0.15
  9600.0        -29.13       37.55504    6.32    0.12
 10000.0        -32.08       51.99301    3.76    0.10
 10400.0        -34.61       27.39262    0.28    0.13
 10800.0        -37.93       37.58491    0.31    0.22
 11200.0        -41.18       42.55556    4.51    0.24
 11600.0        -44.40       31.83756    4.05    0.34
 12000.0        -47.68       29.39944    2.72    0.41
 12400.0        -50.94       31.64979    2.59    0.26
 12800.0        -54.28       31.02469    1.55    0.13
 13200.0        -57.82       27.08845    3.94    0.03
 13600.0        -61.62       37.57317    6.61    0.06
 14000.0        -64.53       43.05263    8.89    0.11
 14400.0        -64.75        9.98765   13.77    0.05
 14800.0        -67.89       12.10011   18.01    0.18
 15200.0        -70.99       15.54467    9.70    0.41
 15600.0        -74.07       20.31579   25.00    0.09
 16000.0        -77.13       26.07729   12.57    0.07
 16400.0        -80.02       33.96629   11.63    0.18
 16800.0        -82.53       41.82517   13.06    0.16
 17200.0        -83.32       33.38776   14.50    0.13
 17600.0        -80.98       22.96024    5.27    0.25
 18000.0        -81.08       22.01657    4.15    0.27
 18400.0        -78.63       16.18421    3.17    0.06
 18800.0        -73.51        7.24390    0.53    0.06
 19200.0        -68.07        4.00000    6.53    0.07
 19600.0        -69.84        4.73874    4.37    0.03
 20000.0        -67.29        3.32692    7.31    0.14
 20400.0        -67.35        3.00000    8.24    0.10
 20800.0        -68.83        3.00000    0.62    0.15
 21200.0        -70.13        4.00000    4.07    0.18
 21600.0        -66.84        2.52954    0.42    0.34
 22000.0        -64.26        2.00000    3.03    0.50
 22400.0        -63.45        2.00000    9.78    0.39
 22800.0        -63.88        2.00000    0.17    0.27
 23200.0        -62.69        2.00000    0.15    0.21
 23600.0        -61.49        1.82915    2.68    0.14
 24000.0        -60.27        1.00000    3.08    0.11
 24400.0        -58.99        1.00000    1.10    0.03
 24800.0        -54.57        1.00000   12.81    0.07
 25200.0        -54.70        1.00000   16.75    0.03
 25600.0        -54.70        1.00000   16.75    0.03
 26000.0        -54.70        1.00000   16.75    0.03
 26400.0        -54.70        1.00000   16.75    0.03
 26800.0        -54.70        1.00000   16.75    0.03
 27200.0        -54.70        1.00000   16.75    0.03
 27600.0        -54.70        1.00000   16.75    0.03
 28000.0        -54.70        1.00000   16.75    0.03
 28400.0        -54.70        1.00000   16.75    0.03
 28800.0        -54.70        1.00000   16.75    0.03
 29200.0        -54.70        1.00000   16.75    0.03
 29600.0        -54.70        1.00000   16.75    0.03
 30000.0        -54.70        1.00000   16.75    0.03
 30400.0        -54.70        1.00000   16.75    0.03
 30800.0        -54.70        1.00000   16.75    0.03
 31200.0        -54.70        1.00000   16.75    0.03
 31600.0        -54.70        1.00000   16.75    0.03
 32000.0        -54.70        1.00000   16.75    0.03
 32400.0        -54.70        1.00000   16.75    0.03
 32800.0        -54.70        1.00000   16.75    0.03
 33200.0        -54.70        1.00000   16.75    0.03
 33600.0        -54.70        1.00000   16.75    0.03
 34000.0        -54.70        1.00000   16.75    0.03
 34400.0        -54.70        1.00000   16.75    0.03
 34800.0        -54.70        1.00000   16.75    0.03
 35200.0        -54.70        1.00000   16.75    0.03
 35600.0        -54.70        1.00000   16.75    0.03
 36000.0        -54.70        1.00000   16.75    0.03
 36400.0        -54.70        1.00000   16.75    0.03
 36800.0        -54.70        1.00000   16.75    0.03
 37200.0        -54.70        1.00000   16.75    0.03
 37600.0        -54.70        1.00000   16.75    0.03
 38000.0        -54.70        1.00000   16.75    0.03
 38400.0        -54.70        1.00000   16.75    0.03
 38800.0        -54.70        1.00000   16.75    0.03
 39200.0        -54.70        1.00000   16.75    0.03
 39600.0        -54.70        1.00000   16.75    0.03
 40000.0        -54.70        1.00000   16.75    0.03
 40400.0        -54.70        1.00000   16.75    0.03
 40800.0        -54.70        1.00000   16.75    0.03
 41200.0        -54.70        1.00000   16.75    0.03
 41600.0        -54.70        1.00000   16.75    0.03
 42000.0        -54.70        1.00000   16.75    0.03
 42400.0        -54.70        1.00000   16.75    0.03
 42800.0        -54.70        1.00000   16.75    0.03
 43200.0        -54.70        1.00000   16.75    0.03
 43600.0        -54.70        1.00000   16.75    0.03
 44000.0        -54.70        1.00000   16.75    0.03
 44400.0        -54.70        1.00000   16.75    0.03
 44800.0        -54.70        1.00000   16.75    0.03
 45200.0        -54.70        1.00000   16.75    0.03
 45600.0        -54.70        1.00000   16.75    0.03
 46000.0        -54.70        1.00000   16.75    0.03
 46400.0        -54.70        1.00000   16.75    0.03
 46800.0        -54.70        1.00000   16.75    0.03
 47200.0        -54.70        1.00000   16.75    0.03
 47600.0        -54.70        1.00000   16.75    0.03
 48000.0        -54.70        1.00000   16.75    0.03
 48400.0        -54.70        1.00000   16.75    0.03
 48800.0        -54.70        1.00000   16.75    0.03
 49200.0        -54.70        1.00000   16.75    0.03
 49600.0        -54.70        1.00000   16.75    0.03
 50000.0        -54.70        1.00000   16.75    0.03
